1385.6
1385.6
1385.5
1385.4
1385.3
1385.3
1385.2
1385.1
1385
1385
1384.9
1384.8
1384.7
1384.7
1384.6
1384.5
1384.4
1384.4
1384.3
1384.2
1384.1
1384.1
1384
1383.9
1383.8
1383.7
1383.7
1383.6
1383.5
1383.4
1383.3
1383.2
1383.2
1383.1
1383
1382.9
1382.8
1382.7
1382.7
1382.6
1382.5
1382.4
1382.3
1382.2
1382.1
1382
1382
1381.9
1381.8
1381.7
1381.6
1381.5
1381.4
1381.3
1381.2
1381.1
1381.1
1381
1380.9
1380.8
1713.5
1713.4
1713.4
1713.3
1713.2
1713.2
1713.1
1713
1713
1712.9
1712.8
1712.8
1712.7
1712.6
1712.6
1712.5
1712.4
1712.3
1712.3
1712.2
1712.1
1712.1
1712
1711.9
1711.8
1711.8
1711.7
1711.6
1711.5
1711.5
1711.4
1711.3
1711.2
1711.1
1711.1
1711
1710.9
1710.8
1710.7
1710.6
1710.6
1710.5
1710.4
1710.3
1710.2
1710.1
1710.1
1710
1709.9
1709.8
1709.7
1709.6
1709.5
1709.4
1709.3
1709.2
1709.1
1709.1
1709
1708.9
1708.8
1708.7
1708.6
1708.5
1708.4
1708.3
1708.2
1708.1
1708
1707.9
1707.8
1707.7
1707.6
1707.5
1707.4
1707.3
1707.2
1707
1706.9
1706.8
1706.7
1706.6
1706.5
1706.4
1706.3
1706.2
1706.1
1705.9
1705.8
1705.7
1705.6
1705.5
1705.4
1705.2
1705.1
1705
1704.9
1704.8
1704.6
1704.5
1704.4
1704.3
1704.1
1704
1703.9
1703.7
1703.6
1703.5
1703.4
1703.2
1703.1
1703
1702.8
1702.7
1702.5
1702.4
1702.3
1702.1
1702
1701.8
1701.7
1701.6
1701.4
1701.3
1701.1
1701
1700.8
1700.7
1700.5
1700.4
1700.2
1700.1
1699.9
1699.8
1699.6
1699.4
1699.3
1699.1
1699
1698.8
1698.6
1698.5
1698.3
1698.1
1698
1697.8
1697.6
1697.5
1697.3
1697.1
1696.9
1696.8
1696.6
1696.4
1696.2
1696.1
1695.9
1695.7
1695.5
1695.3
1695.1
1695
1694.8
1694.6
1694.4
1694.2
1694
1693.8
1693.6
1693.4
1693.2
1693
1692.8
1692.6
1692.4
1692.2
1692
1691.8
1691.6
1691.3
1691.1
1690.9
1690.7
1690.5
1690.3
1690
1689.8
1689.6
1689.4
1689.2
1688.9
1688.7
1688.5
1688.2
1688
1687.8
1687.5
1687.3
1687
1686.8
1686.6
1686.3
1686.1
1685.8
1685.6
1685.3
1685.1
1684.8
1684.6
1684.3
1684
1683.8
1683.5
1683.2
1683
1682.7
1682.4
1682.2
1681.9
1681.6
1681.3
1681
1680.8
1680.5
1680.2
1679.9
1679.6
1679.3
1679
1678.7
1678.4
1678.1
1677.8
1677.5
1677.2
1676.9
1676.6
1676.3
1676
1675.7
1675.3
1675
1674.7
1674.4
1674.1
1673.7
1673.4
1673.1
1672.7
1672.4
1672
1671.7
1671.4
1671
1670.7
1670.3
1670
1669.6
1669.2
1668.9
1668.5
1668.1
1667.8
1667.4
1667
1666.7
1666.3
1665.9
1665.5
1665.1
1664.7
1664.3
1663.9
1663.6
1663.2
1662.7
1662.3
1661.9
1661.5
1661.1
1660.7
1660.3
1659.9
1659.4
1659
1658.6
1658.1
1657.7
1657.3
1656.8
1656.4
1655.9
1655.5
1655
1654.6
1654.1
1653.6
1653.2
1652.7
1652.2
